12
36
0	140	0	0	0	0	200	0	0	0	0	0
140	0	230	0	0	230	0	0	0	0	0	0
0	230	0	330	300	0	0	0	0	0	0	0
0	0	330	0	180	0	0	0	0	0	0	360
0	0	300	180	0	230	0	0	120	0	260	0
0	230	0	0	230	0	110	0	0	0	0	0
200	0	0	0	0	110	0	150	0	0	0	0
0	0	0	0	0	0	150	0	190	170	0	0
0	0	0	0	120	0	0	190	0	170	0	0
0	0	0	0	0	0	0	170	170	0	70	0
0	0	0	0	260	0	0	0	0	70	0	150
0	0	0	360	0	0	0	0	0	0	150	0
